# second example file
# descriptors can be placed down the file multiple times
# to specify sets of data

descriptor thisx,+- thisy,+,-
1.0048e-01 2.1160e-01 9.5824e-01 1.3893e-01 -6.0814e-01
1.2665e+00 9.5604e-01 6.7138e-01 4.1650e-01 -6.7098e-01
2.4097e+00 6.2898e-01 2.1296e-01 4.9144e-01 -3.3067e-02
3.9563e+00 4.7805e-01 2.3593e-01 4.9881e-01 -2.7282e-02
4.5674e+00 4.2886e-01 3.8157e-01 5.3305e-01 -3.2969e-01
5.4321e+00 5.1148e-02 1.5812e+00 1.2613e-01 -2.2894e-01
6.9457e+00 8.1255e-01 1.6777e+00 9.8834e-01 -9.7390e-01
7.4897e+00 9.3973e-01 1.7167e+00 4.3308e-01 -3.7178e-01
8.0426e+00 5.6998e-01 1.5577e+00 8.7185e-01 -1.1033e-01
9.9084e+00 9.6405e-01 1.0996e+00 5.9948e-01 -3.3716e-01
1.0963e+01 9.5036e-01 1.7831e+00 3.6308e-03 -1.3141e-01
1.1522e+01 3.2964e-02 1.8577e+00 3.3410e-01 -4.1994e-01
1.2634e+01 2.4651e-01 1.5259e+00 6.8782e-01 -8.0710e-01
1.3764e+01 5.7442e-01 1.6989e+00 6.6327e-01 -4.2052e-01
1.4102e+01 9.0656e-01 1.1045e+00 8.2707e-01 -2.7248e-01

descriptor anotherx,+- anothery,+,-
4.4622e-01 6.4802e-01 1.0884e+00 2.5945e-01 -4.7283e-01
1.2226e+00 3.2900e-01 1.5053e+00 2.8890e-01 -3.6051e-01
2.6112e+00 2.7019e-01 1.6834e+00 7.0039e-01 -7.7591e-01
3.7616e+00 1.5996e-01 1.3153e+00 7.8240e-01 -5.5298e-01
4.2028e+00 5.4426e-01 1.6729e+00 8.0976e-01 -1.2393e-01
5.5345e+00 2.6658e-01 8.9366e-01 1.2642e-01 -8.6600e-02
6.4766e+00 9.2462e-01 1.1606e+00 8.4187e-01 -6.3709e-01
7.1592e+00 7.4514e-01 6.7465e-01 2.9700e-01 -2.9862e-01
8.2514e+00 6.7011e-01 1.3665e+00 2.1944e-01 -2.1589e-01
9.1714e+00 7.5465e-01 1.1409e+00 7.2534e-01 -8.5968e-01
1.0905e+01 4.0861e-02 9.5769e-02 4.7422e-01 -9.2371e-02
1.1232e+01 8.9452e-01 -9.0869e-02 3.2122e-01 -8.0847e-01
1.2988e+01 4.4257e-01 2.5282e-01 5.9169e-02 -5.4564e-01
1.3888e+01 6.8980e-01 -1.0379e-01 4.0765e-01 -3.7785e-01
1.4439e+01 1.9561e-01 3.7001e-01 3.4897e-01 -9.3970e-01

descriptor noisex noisey[1:3]
0.0000e+00 4.2279e-01 6.4775e-01 2.8592e+00
1.0000e+00 9.2479e-01 1.0987e+00 8.5007e-01
2.0000e+00 8.8329e-01 6.8191e-01 5.7917e-01
3.0000e+00 9.5791e-01 1.1615e+00 5.1192e-01
4.0000e+00 1.5129e-01 8.5718e-01 2.3247e+00
5.0000e+00 5.3964e-01 1.5094e+00 7.9621e-01
6.0000e+00 1.8649e-01 1.2638e+00 1.5540e-01
7.0000e+00 8.4299e-01 1.1033e+00 6.9083e-01
8.0000e+00 8.0603e-01 1.5430e+00 1.2785e+00
9.0000e+00 3.9557e-02 1.4083e+00 1.9398e+00
1.0000e+01 6.6562e-02 1.1485e+00 2.7042e+00
1.1000e+01 2.3951e-01 3.8934e-01 9.6851e-01
1.2000e+01 9.2450e-01 7.2653e-01 1.1478e-01
1.3000e+01 5.3937e-01 1.1756e+00 1.6637e+00
1.4000e+01 4.9036e-01 3.5158e-01 2.3081e+00
1.5000e+01 3.0818e-01 1.5758e-01 9.5081e-01
1.6000e+01 1.6127e-01 1.0475e-01 9.0180e-01
1.7000e+01 4.1190e-02 9.0279e-01 2.8207e+00
1.8000e+01 9.4011e-01 1.4106e+00 5.1369e-01
1.9000e+01 6.2362e-01 1.3872e-01 4.2210e-01
